     0/299     18.3G   0.09841   0.05347   0.03196    0.1838       711      1280         0         0         0         0         0         0         0
     1/299     18.3G   0.08351   0.04965   0.02766    0.1608       585      1280         0         0         0         0         0         0         0
     2/299     18.3G   0.07582   0.04792   0.02616    0.1499       539      1280         0         0         0         0         0         0         0
     3/299     18.3G    0.0672    0.0453   0.02362    0.1361       688      1280    0.1157    0.1467    0.1216   0.05119   0.05726   0.07966   0.02267
     4/299     18.1G   0.06188   0.04355   0.02243    0.1279       588      1280    0.1319    0.1233    0.1355   0.06181   0.05425   0.07967   0.02214
     5/299     18.1G   0.05904   0.04207   0.02157    0.1227       630      1280    0.2452    0.1433    0.1446   0.06891   0.05262   0.07762   0.02134
     6/299     18.1G   0.05653   0.04085   0.02076    0.1181       474      1280    0.1968    0.2051    0.1791   0.08714   0.05041   0.07473   0.02004
     7/299     18.1G   0.05493   0.03995    0.0199    0.1148       424      1280    0.1771    0.2453    0.2015   0.09855   0.04969   0.07112   0.01951
     8/299     18.1G   0.05357   0.03975   0.01909    0.1124       244      1280    0.1922    0.2704     0.219    0.1106   0.04772   0.07031   0.01876
     9/299     18.1G   0.05299   0.03955   0.01883    0.1114       923      1280    0.2178    0.2759    0.2353    0.1204    0.0469    0.0694   0.01836
    10/299     18.1G   0.05195   0.03847   0.01821    0.1086       355      1280    0.1823    0.3185    0.2446    0.1267   0.04613   0.06794   0.01791
    11/299     18.1G   0.05068   0.03828   0.01787    0.1068       739      1280    0.2113    0.3226    0.2553    0.1347   0.04609   0.06688   0.01761
    12/299     18.1G    0.0502   0.03749   0.01746    0.1052       383      1280    0.2472    0.3126     0.269    0.1418   0.04521   0.06713   0.01696
    13/299     18.1G   0.04994   0.03739   0.01701    0.1043       544      1280    0.2548    0.3223    0.2833    0.1538   0.04438   0.06547    0.0169
    14/299     18.1G   0.04888   0.03684   0.01664    0.1024       635      1280    0.3007    0.3007    0.2888    0.1579   0.04374   0.06585   0.01656
    15/299     18.1G   0.04891   0.03743   0.01632    0.1027       742      1280    0.2758    0.3312    0.2992    0.1629   0.04369   0.06473   0.01592
    16/299     18.1G   0.04836   0.03663    0.0161    0.1011       381      1280    0.2614    0.3738    0.3012    0.1646   0.04359   0.06432   0.01606
    17/299     18.1G    0.0479   0.03655   0.01596    0.1004       291      1280    0.2886    0.3696    0.3181    0.1758   0.04271   0.06353   0.01544
    18/299     18.1G   0.04741   0.03569   0.01573   0.09883       857      1280     0.277    0.3819    0.3165    0.1745   0.04276   0.06374    0.0154
    19/299     18.1G   0.04725   0.03561   0.01558   0.09844       481      1280    0.2897    0.3739    0.3256    0.1818   0.04221   0.06306   0.01536
    20/299     18.1G   0.04682   0.03542   0.01531   0.09754       466      1280    0.3084    0.3706    0.3327    0.1852    0.0421   0.06325   0.01518
    21/299     18.1G   0.04673   0.03558   0.01527   0.09758       430      1280    0.3063    0.3792    0.3409    0.1915   0.04179   0.06255   0.01503
    22/299     18.1G   0.04621   0.03486    0.0151   0.09617       539      1280    0.2895    0.4095    0.3486     0.194   0.04132    0.0622   0.01463
    23/299     18.1G   0.04624   0.03541   0.01496   0.09662       506      1280    0.3018    0.3766    0.3366    0.1897    0.0413   0.06255   0.01489
    24/299     18.1G   0.04606   0.03486    0.0149   0.09581       373      1280    0.2894    0.4086    0.3501    0.1984   0.04113   0.06209   0.01454
    25/299     18.1G   0.04572     0.035   0.01478   0.09549       397      1280    0.3015     0.419    0.3606    0.2046    0.0408   0.06155    0.0144
    26/299     18.1G   0.04524   0.03502   0.01454    0.0948       702      1280    0.3199    0.4048    0.3591    0.2048   0.04058   0.06125   0.01449
    27/299     18.1G    0.0454   0.03496   0.01426   0.09463       343      1280    0.3073     0.426    0.3705      0.21   0.04061   0.06105   0.01413
    28/299     18.1G   0.04497   0.03494   0.01426   0.09417       289      1280    0.2935    0.4346    0.3663     0.209   0.04026   0.06131   0.01413
    29/299     18.1G    0.0447   0.03496   0.01411   0.09377       632      1280    0.2983     0.446     0.375    0.2159   0.04031   0.06073   0.01411
    30/299     18.1G   0.04469   0.03432    0.0141   0.09311       764      1280     0.317     0.436     0.375    0.2156   0.04003   0.06066   0.01386
    31/299     18.1G   0.04445   0.03405   0.01398   0.09248       837      1280    0.3191    0.4326    0.3805    0.2213   0.03987   0.06031   0.01382
    32/299     18.1G   0.04426   0.03426   0.01391   0.09243       866      1280    0.3251    0.4351    0.3839    0.2226   0.03965   0.06011   0.01381
    33/299     18.1G   0.04407   0.03386   0.01383   0.09177       589      1280    0.3089    0.4563     0.387    0.2238   0.03953   0.05997   0.01361
    34/299     18.1G   0.04402   0.03407   0.01369   0.09178       757      1280    0.3187    0.4535    0.3926    0.2269    0.0394   0.05982   0.01358
    35/299     18.1G   0.04361   0.03393   0.01354   0.09109       410      1280    0.3063     0.464    0.3955     0.231   0.03926   0.05976   0.01331
    36/299     18.1G   0.04384   0.03371   0.01342   0.09097       399      1280    0.3104    0.4632    0.3968    0.2321   0.03922   0.05956   0.01339
    37/299     18.1G    0.0436   0.03404   0.01341   0.09105       548      1280    0.3388    0.4581    0.4011    0.2334   0.03914   0.05942   0.01333
    38/299     18.1G   0.04344   0.03396   0.01341   0.09082       474      1280    0.3264    0.4606    0.4009    0.2352   0.03896   0.05925   0.01344
    39/299     18.1G   0.04334   0.03344   0.01329   0.09007       647      1280    0.3298    0.4662    0.4039    0.2357   0.03898   0.05919    0.0132
    40/299     18.1G   0.04308   0.03372   0.01316   0.08995       289      1280     0.341    0.4628    0.4078    0.2385   0.03881   0.05919   0.01311
    41/299     18.1G   0.04316   0.03347   0.01325   0.08988       600      1280    0.3335    0.4795    0.4113    0.2403   0.03879   0.05901   0.01308
    42/299     18.1G    0.0429   0.03283   0.01306   0.08879       615      1280    0.3458    0.4713    0.4149    0.2443   0.03854   0.05878   0.01296
    43/299     18.1G   0.04284   0.03323   0.01302   0.08909       806      1280    0.3364    0.4778    0.4182    0.2473   0.03849   0.05882   0.01299
    44/299     18.1G   0.04317   0.03313   0.01304   0.08934       765      1280    0.3401    0.4763    0.4178    0.2456   0.03845    0.0586   0.01292
    45/299     18.1G   0.04266   0.03298   0.01285   0.08849       533      1280      0.35    0.4849    0.4226    0.2494   0.03837   0.05846   0.01286
    46/299     18.1G   0.04254   0.03309    0.0128   0.08844       604      1280    0.3449    0.4876    0.4246    0.2498   0.03831   0.05841   0.01275
    47/299     18.1G   0.04234   0.03258   0.01266   0.08757       443      1280    0.3488    0.4938    0.4269    0.2522   0.03823   0.05833   0.01269
    48/299     18.1G   0.04253   0.03234   0.01264   0.08751       541      1280      0.35    0.4868    0.4282    0.2541   0.03809   0.05818   0.01273
    49/299     18.1G   0.04237   0.03341   0.01266   0.08843       440      1280    0.3424    0.5041    0.4339     0.257   0.03794   0.05804   0.01255
    50/299     18.1G   0.04206   0.03284   0.01252   0.08742       585      1280    0.3529    0.5075    0.4361    0.2578   0.03799   0.05798   0.01251
    51/299     18.1G   0.04208    0.0325    0.0125   0.08709       546      1280    0.3567    0.5015    0.4347    0.2583   0.03792   0.05785    0.0125
    52/299     18.1G   0.04196   0.03269   0.01246   0.08711       638      1280    0.3464    0.5168    0.4372    0.2585   0.03786   0.05791   0.01251
    53/299     18.1G   0.04215   0.03258   0.01228   0.08701       712      1280    0.3538    0.5104    0.4399    0.2598   0.03779   0.05772   0.01251
    54/299     18.1G   0.04208   0.03288   0.01228   0.08724       745      1280    0.3529     0.517    0.4431    0.2622   0.03775   0.05772   0.01243
    55/299     18.1G   0.04158   0.03287   0.01231   0.08676       546      1280    0.3568    0.5232    0.4468    0.2645   0.03764   0.05753   0.01235
    56/299     18.1G   0.04173   0.03297   0.01225   0.08695       886      1280     0.365    0.5208    0.4463     0.264   0.03765   0.05748   0.01236
    57/299     18.1G   0.04166   0.03256   0.01218   0.08639       296      1280    0.3664    0.5223    0.4497    0.2681   0.03754   0.05736   0.01231
    58/299     18.1G   0.04163   0.03231   0.01211   0.08604       434      1280    0.3556    0.5337    0.4543    0.2701   0.03754   0.05739   0.01229
    59/299     18.1G   0.04126   0.03215   0.01201   0.08542       725      1280    0.3572    0.5379     0.458    0.2727   0.03736   0.05724   0.01213
    60/299     18.1G    0.0417   0.03184   0.01221   0.08574       741      1280    0.3623    0.5401    0.4583    0.2722   0.03737    0.0573   0.01218
    61/299     18.1G   0.04131   0.03229   0.01198   0.08558       399      1280    0.3694    0.5363    0.4624     0.276    0.0373    0.0571   0.01209
    62/299     18.1G   0.04141   0.03248   0.01189   0.08578       481      1280    0.3649    0.5429    0.4623    0.2758   0.03725    0.0571   0.01209
    63/299     18.1G   0.04124   0.03234   0.01194   0.08552       643      1280    0.3661    0.5373    0.4609    0.2746   0.03724   0.05706   0.01205
    64/299     18.1G   0.04102   0.03184   0.01169   0.08456       290      1280     0.369    0.5441    0.4667     0.278    0.0372   0.05695   0.01199
    65/299     18.1G   0.04097   0.03209    0.0118   0.08486       505      1280    0.3639    0.5524    0.4684    0.2773   0.03711   0.05699   0.01201
    66/299     18.1G   0.04113   0.03217   0.01185   0.08515       904      1280    0.3712    0.5469    0.4699    0.2785   0.03705   0.05687   0.01199
    67/299     18.1G   0.04114   0.03218   0.01184   0.08515       773      1280    0.3659    0.5532    0.4704     0.281   0.03702   0.05677   0.01195
    68/299     18.1G   0.04094   0.03193   0.01174   0.08461       420      1280    0.3659    0.5542    0.4734    0.2826   0.03698   0.05677   0.01194
    69/299     18.1G   0.04099   0.03173   0.01171   0.08443       786      1280    0.3696    0.5539    0.4751    0.2825   0.03693   0.05661   0.01185
    70/299     18.1G   0.04059   0.03198   0.01166   0.08423       766      1280    0.3706    0.5593    0.4764    0.2838   0.03687   0.05656   0.01183
    71/299     18.1G   0.04077     0.032   0.01162   0.08439       557      1280    0.3745    0.5576    0.4765    0.2839   0.03685   0.05653   0.01187
    72/299     18.1G   0.04074   0.03177   0.01159    0.0841       653      1280    0.3678    0.5635    0.4794    0.2858   0.03677   0.05648   0.01179
    73/299     18.1G    0.0407   0.03198   0.01153   0.08422       578      1280    0.3658    0.5619     0.481    0.2869   0.03676   0.05649   0.01176
    74/299     18.1G   0.04048   0.03163    0.0114   0.08352       688      1280    0.3744    0.5636    0.4819    0.2872   0.03668   0.05632    0.0117
    75/299     18.1G   0.04068   0.03153   0.01162   0.08383       530      1280    0.3736     0.563    0.4841    0.2886   0.03668   0.05639   0.01171
    76/299     18.1G    0.0405   0.03168   0.01135   0.08353       664      1280    0.3738    0.5665    0.4872    0.2911   0.03662   0.05636   0.01166
    77/299     18.1G   0.04041   0.03154   0.01143   0.08338       350      1280    0.3743    0.5687    0.4881    0.2915   0.03663   0.05634   0.01163
    78/299     18.1G   0.04037   0.03154   0.01121   0.08311       546      1280    0.3726     0.573    0.4882    0.2919   0.03654   0.05625   0.01166
    79/299     18.1G   0.04026   0.03186   0.01134   0.08345       687      1280    0.3734    0.5716    0.4906    0.2925   0.03651   0.05624   0.01162
    80/299     18.1G   0.04036   0.03148   0.01122   0.08305       570      1280    0.3748    0.5737    0.4902    0.2924   0.03648   0.05618   0.01157
    81/299     18.1G   0.04006    0.0312   0.01123   0.08249       364      1280    0.3779    0.5721    0.4914    0.2938   0.03647   0.05615   0.01158
    82/299     18.1G   0.03989   0.03193   0.01119   0.08301       414      1280    0.3731    0.5746    0.4926    0.2949    0.0364   0.05609   0.01155
    83/299     18.1G   0.04015   0.03123   0.01115   0.08253       516      1280     0.377    0.5765    0.4939    0.2963   0.03635   0.05604   0.01154
    84/299     18.1G   0.04008   0.03127   0.01124   0.08259       462      1280    0.3748    0.5822    0.4959    0.2979   0.03631   0.05602   0.01148
    85/299     18.1G   0.04004   0.03107   0.01112   0.08223       651      1280    0.3713    0.5887    0.4988     0.299   0.03629   0.05603   0.01144
    86/299     18.1G   0.03991   0.03133    0.0111   0.08234       784      1280    0.3789    0.5806    0.4987    0.2992   0.03628   0.05594   0.01143
    87/299     18.1G   0.03982   0.03119   0.01102   0.08204       609      1280    0.3808    0.5825    0.5011    0.3008   0.03624   0.05587   0.01139
    88/299     18.1G   0.03979   0.03169   0.01105   0.08252       700      1280    0.3774    0.5839    0.5013    0.3003   0.03619   0.05585   0.01135
    89/299     18.1G   0.03991   0.03144   0.01101   0.08237       957      1280    0.3788    0.5832    0.5009    0.3005   0.03617   0.05574   0.01133
    90/299     18.1G   0.04001   0.03099   0.01114   0.08215       422      1280    0.3774     0.587    0.5022    0.3006   0.03613   0.05573   0.01132
    91/299     18.1G   0.03945   0.03136   0.01098   0.08179       792      1280    0.3752     0.587     0.502    0.3007    0.0361   0.05567   0.01133
    92/299     18.1G   0.03991   0.03135   0.01096   0.08222       568      1280    0.3767    0.5922    0.5052    0.3019   0.03605   0.05564   0.01128
    93/299     18.1G   0.03973   0.03157   0.01091   0.08221       537      1280    0.3776    0.5912    0.5057     0.302   0.03606   0.05565   0.01127
    94/299     18.1G   0.03982   0.03129   0.01085   0.08197       417      1280    0.3776    0.5908    0.5066    0.3035   0.03602    0.0556   0.01128
    95/299     18.1G   0.03956   0.03112   0.01081   0.08149       309      1280    0.3827    0.5916    0.5066    0.3042   0.03603   0.05559   0.01128
    96/299     18.1G   0.03925   0.03085   0.01084   0.08094       618      1280    0.3832    0.5917    0.5059    0.3038     0.036   0.05553   0.01126
    97/299     18.1G   0.03935   0.03123   0.01079   0.08137       576      1280    0.3818    0.5922    0.5071    0.3046   0.03594   0.05552   0.01124
    98/299     18.1G   0.03941   0.03091   0.01091   0.08123       664      1280    0.3819    0.5924    0.5081    0.3051    0.0359   0.05547   0.01119
    99/299     18.1G   0.03937   0.03097   0.01078   0.08111       775      1280    0.3818    0.5933    0.5101    0.3066   0.03587   0.05545   0.01115
   100/299     18.1G   0.03933   0.03098   0.01073   0.08104       707      1280    0.3818    0.5939    0.5112    0.3071   0.03583   0.05541   0.01114
   101/299     18.1G   0.03932    0.0313   0.01074   0.08136       660      1280    0.3815     0.594     0.513    0.3083   0.03579    0.0554   0.01114
   102/299     18.1G   0.03907   0.03098   0.01059   0.08064       541      1280    0.3795    0.5964    0.5138    0.3092   0.03578   0.05539   0.01112
   103/299     18.1G   0.03908   0.03102   0.01057   0.08067       500      1280    0.3796     0.596    0.5148      0.31   0.03574   0.05532    0.0111
   104/299     18.1G   0.03907   0.03079   0.01058   0.08044       298      1280    0.3799    0.5976    0.5156    0.3105   0.03572   0.05529   0.01107
   105/299     18.1G   0.03913    0.0309   0.01065   0.08068       466      1280    0.3802    0.5985    0.5158    0.3098   0.03571   0.05527   0.01104
   106/299     18.1G    0.0389   0.03082   0.01054   0.08026       480      1280    0.3826    0.5969    0.5158    0.3097    0.0357   0.05523   0.01103
   107/299     18.1G   0.03897   0.03112   0.01051    0.0806       710      1280    0.3821    0.5985     0.517    0.3103   0.03568   0.05518   0.01102
   108/299     18.1G   0.03889    0.0309   0.01051    0.0803       622      1280    0.3832    0.5999    0.5169    0.3098   0.03565   0.05517   0.01103
   109/299     18.1G   0.03895   0.03073   0.01059   0.08028       410      1280    0.3823    0.6021    0.5167    0.3105   0.03564   0.05518   0.01104
   110/299     18.1G   0.03892    0.0305   0.01052   0.07994      1110      1280    0.3851    0.6027    0.5171    0.3107   0.03563   0.05516   0.01103
   111/299     18.1G   0.03902   0.03073   0.01053   0.08028       353      1280    0.3842    0.6033     0.518    0.3116   0.03561   0.05513   0.01102
   112/299     18.1G   0.03882   0.03059   0.01054   0.07994       299      1280    0.3837    0.6018     0.518    0.3122   0.03559   0.05509   0.01101
   113/299     18.1G    0.0387    0.0309   0.01046   0.08007       336      1280    0.3858    0.6037    0.5189    0.3129   0.03557   0.05506     0.011
   114/299     18.1G   0.03871   0.03081   0.01036   0.07988       733      1280    0.3863    0.6064    0.5214     0.314   0.03554   0.05502   0.01098
   115/299     18.1G   0.03864   0.03011   0.01043   0.07919       552      1280    0.3868    0.6064    0.5219    0.3143   0.03552   0.05498   0.01097
   116/299     18.1G   0.03879   0.03045   0.01045   0.07969       621      1280    0.3868    0.6062    0.5213    0.3139   0.03551   0.05497   0.01096
   117/299     18.1G   0.03875   0.03087   0.01041   0.08003       753      1280    0.3878    0.6065    0.5214    0.3141   0.03549   0.05496   0.01095
   118/299     18.1G    0.0386   0.03023    0.0104   0.07923       999      1280    0.3877    0.6091    0.5221    0.3147   0.03548   0.05496   0.01094
   119/299     18.1G   0.03854   0.03041   0.01021   0.07916       560      1280    0.3887    0.6106     0.523     0.315   0.03546   0.05494   0.01092
   120/299     18.1G   0.03839   0.03049   0.01022    0.0791       693      1280    0.3897    0.6111     0.524    0.3155   0.03544   0.05491   0.01091
   121/299     18.1G   0.03836   0.03024   0.01017   0.07877       503      1280    0.3891    0.6112    0.5243    0.3157   0.03543    0.0549   0.01089
   122/299     18.1G   0.03856   0.03075   0.01022   0.07954       380      1280    0.3894     0.612    0.5251    0.3164    0.0354   0.05489   0.01088
   123/299     18.1G   0.03853   0.03034   0.01027   0.07914       949      1280    0.3892    0.6117    0.5261    0.3167   0.03539   0.05489   0.01086
   124/299     18.1G   0.03835   0.03032   0.01026   0.07893       822      1280     0.389    0.6111    0.5264    0.3175   0.03538   0.05486   0.01084
   125/299     18.1G   0.03827   0.03014   0.01027   0.07868       415      1280    0.3889    0.6127    0.5269    0.3181   0.03535   0.05485   0.01083
   126/299     18.1G   0.03829   0.03022   0.01016   0.07867       343      1280    0.3882    0.6146    0.5276     0.318   0.03534   0.05483   0.01082
   127/299     18.1G   0.03824   0.03036   0.01009   0.07868       584      1280    0.3896    0.6153     0.528    0.3185   0.03532    0.0548   0.01081
   128/299     18.1G    0.0381   0.03036   0.01013   0.07859       565      1280    0.3901    0.6165    0.5287    0.3194    0.0353   0.05479   0.01081
   129/299     18.1G   0.03833   0.03066   0.01012   0.07911       383      1280    0.3906    0.6165    0.5295    0.3198   0.03528   0.05476   0.01079
   130/299     18.1G   0.03826   0.03014   0.01016   0.07856       419      1280    0.3914    0.6155    0.5302    0.3206   0.03526   0.05475   0.01078
   131/299     18.1G   0.03805   0.03019   0.01009   0.07833       506      1280    0.3909    0.6155    0.5306    0.3208   0.03525   0.05473   0.01078
   132/299     18.1G   0.03821   0.03035   0.01007   0.07863       598      1280    0.3903    0.6162    0.5314    0.3211   0.03523   0.05471   0.01077
   133/299     18.1G   0.03816   0.03021   0.01003   0.07841       434      1280    0.3913    0.6173    0.5318    0.3207   0.03522    0.0547   0.01076
   134/299     18.1G   0.03785   0.02996   0.01009   0.07789       607      1280    0.3912    0.6175    0.5327    0.3216   0.03521   0.05468   0.01075
   135/299     18.1G   0.03795    0.0298  0.009946    0.0777       703      1280    0.3922     0.618    0.5326    0.3215    0.0352   0.05466   0.01075
   136/299     18.1G   0.03797   0.03016   0.01003   0.07816       805      1280    0.3922    0.6187     0.533     0.322   0.03518   0.05464   0.01074
   137/299     18.1G   0.03795   0.03069   0.01006    0.0787       643      1280    0.3937    0.6189    0.5334    0.3224   0.03517   0.05462   0.01073
   138/299     18.1G   0.03785   0.02964  0.009923   0.07741       611      1280    0.3938    0.6182    0.5337    0.3231   0.03517    0.0546   0.01072
   139/299     18.1G   0.03805   0.02991  0.009961   0.07792       720      1280     0.394    0.6195    0.5344    0.3234   0.03515   0.05458   0.01072
   140/299     18.1G   0.03775   0.02963  0.009833   0.07721       620      1280    0.3948    0.6201    0.5355    0.3243   0.03514   0.05457   0.01071
   141/299     18.1G   0.03796   0.02975  0.009884   0.07759       692      1280    0.3942      0.62    0.5353    0.3247   0.03514   0.05455    0.0107
   142/299     18.1G   0.03777   0.03029  0.009882   0.07794       544      1280    0.3933    0.6199    0.5356    0.3252   0.03512   0.05454    0.0107
   143/299     18.1G   0.03795    0.0301   0.00992   0.07797       375      1280    0.3941    0.6203    0.5357     0.325   0.03511   0.05453   0.01069
